23.9 23.4 21.5 17.0 12.7 10.1 12.9 13.0 17.3 17.2 19.4 21.5
22.7 22.4 20.5 17.2 17.2 16.3 12.2 13.0 15.7 15.9 18.5 22.0
23.1 23.5 22.1 19.1 15.2 14.3 12.8 11.9 13.9 17.4 17.8 21.4
23.2 22.6 21.6 17.9 16.4 11.0 13.4 12.6 14.0 16.5 18.6 20.3
22.1 22.3 21.6 18.2 15.6 13.1 11.6 13.9 15.7 16.8 19.1 22.1
23.3 22.4 20.2 17.2 15.4 12.1 11.6 12.8 14.5 17.5 18.6 23.0
24.5 24.4 22.0 18.0 14.0 13.5 14.3 12.9 17.1 19.7 20.4 22.3
23.6 22.4 21.6 16.4 13.3 11.9 13.8 13.3 16.1 18.6 19.2 22.4
22.0 23.6 20.6 17.3 13.7 10.7 12.8 14.5 14.0 17.9 18.8 21.2
24.3 23.1 23.8 20.6 17.1 12.3 11.1 12.9 13.2 17.5 19.4 22.1
23.0 23.9 20.2 18.6 18.8 11.5 13.1 14.4 14.6 16.4 20.4 21.1
21.6 22.8 22.4 19.4 15.2 12.9 12.9 14.1 16.9 16.8 18.8 21.9
24.1 22.8 20.4 17.9 15.4 10.5 11.6 13.5 13.6 17.9 20.8 22.7
24.3 25.0 22.1 18.2 15.7 12.1 11.8 11.3 14.8 18.1 18.8 19.6
22.4 23.0 21.4 18.4 15.0 13.4 13.4 14.0 16.4 18.2 21.0 22.1
23.8 23.0 20.7 20.2 15.3 15.5 12.9 14.2 15.9 17.2 19.7 22.1
22.7 23.9 22.3 19.2 13.1 11.7 14.3 13.4 13.5 17.0 20.3 21.4
23.1 22.3 23.7 16.6 12.4 10.1 11.2 13.2 13.4 16.5 19.0 22.5
23.6 23.2 22.0 19.2 14.3 12.1 09.9 14.4 13.7 16.4 19.7 23.0
24.7 23.3 21.2 19.7 14.0 10.7 11.2 13.7 13.4 19.3 21.1 20.7
22.2 22.7 22.1 18.8 17.5 12.9 11.5 14.7 16.2 17.6 19.4 23.3
23.2 24.4 23.0 19.5 14.9 14.5 10.3 12.5 15.3 17.7 18.8 21.4
24.1 22.9 22.4 20.4 15.7 12.8 11.0 12.9 14.1 18.3 20.5 21.9
22.3 22.5 21.5 18.1 17.6 13.2 12.2 12.9 16.3 17.8 20.0 23.9
23.5 22.4 21.2 18.3 14.8 11.8 13.9 13.2 15.0 16.6 20.9 22.4
22.9 22.8 22.4 19.5 14.2 10.1 09.4 13.8 14.1 18.6 20.8 22.6
24.8 22.7 21.1 18.5 15.2 12.6 14.2 15.3 15.1 18.0 20.2 21.9
22.4 22.3 20.7 18.8 15.5 12.6 13.8 14.2 14.9 18.1 20.0 21.6
22.3 21.9 23.0 16.9 13.9 12.1 12.5 13.6 15.2 17.2 19.1 21.7
23.7 22.7 20.7 19.6 15.3 14.8 10.7 12.4 14.0 17.7 19.4 22.3